0
11312
5195
17214
-9216
4542
-19702
3526
-4445
14443
12985
8125
8797
-12410
3061
-14075
15566
3244
23469
8045
6743
-326
-9689
6753
-2430
25796
7315
24676
-867
5293
-4918
269
13729
10127
29432
6110
19881
-8436
7892
-2696
14619
19508
18497
24921
1829
13825
-9724
15730
4511
27799
19953
20499
14967
-860
11182
-3075
26106
12108
34634
14039
17948
5032
2185
13712
8897
33934
15710
33230
4728
15253
224
11835
19299
20831
34794
13909
25934
-2634
16435
2427
24878
23433
27728
27694
9129
17791
-3432
22438
9392
35702
22210
27767
15824
6038
13458
3456
30385
16312
39456
14983
23147
4828
8509
14457
14941
35278
18882
34811
4988
18464
-377
17002
18434
25472
33094
15963
24652
-2445
17667
1649
28016
20849
30226
23388
10210
14304
-3057
21476
8229
35966
18024
27802
9786
6298
8366
3748
26872
14357
36393
9651
20814
-1955
7843
8085
14441
28971
15832
28559
-799
14057
-7188
14941
10849
23351
24148
11799
15873
-8069
11406
-4955
23857
12067
25900
12470
5152
3890
-8278
13364
1620
29100
8263
21151
-2067
572
-2911
-1355
16775
7351
26644
-562
12147
-13687
1431
-3613
8774
16873
8163
16343
-10761
3874
-18080
7487
-1125
16382
10410
3501
2088
-17191
110
-14822
14822
-110
17191
-2088
-3501
-10410
-16382
1125
-7487
18080
-3874
10761
-16343
-8163
-16873
-8774
3613
-1431
13687
-12147
562
-26644
-7351
-16775
1355
2911
-572
2067
-21151
-8263
-29100
-1620
-13364
8278
-3890
-5152
-12470
-25900
-12067
-23857
4955
-11406
8069
-15873
-11799
-24148
-23351
-10849
-14941
7188
-14057
799
-28559
-15832
-28971
-14441
-8085
-7843
1955
-20814
-9651
-36393
-14357
-26872
-3748
-8366
-6298
-9786
-27802
-18024
-35966
-8229
-21476
3057
-14304
-10210
-23388
-30226
-20849
-28016
-1649
-17667
2445
-24652
-15963
-33094
-25472
-18434
-17002
377
-18464
-4988
-34811
-18882
-35278
-14941
-14457
-8509
-4828
-23147
-14983
-39456
-16312
-30385
-3456
-13458
-6038
-15824
-27767
-22210
-35702
-9392
-22438
3432
-17791
-9129
-27694
-27728
-23433
-24878
-2427
-16435
2634
-25934
-13909
-34794
-20831
-19299
-11835
-224
-15253
-4728
-33230
-15710
-33934
-8897
-13712
-2185
-5032
-17948
-14039
-34634
-12108
-26106
3075
-11182
860
-14967
-20499
-19953
-27799
-4511
-15730
9724
-13825
-1829
-24921
-18497
-19508
-14619
2696
-7892
8436
-19881
-6110
-29432
-10127
-13729
-269
4918
-5293
867
-24676
-7315
-25796
2430
-6753
9689
326
-6743
-8045
-23469
-3244
-15566
14075
-3061
12410
-8797
-8125
-12985
-14443
4445
-3526
19702
-4542
9216
-17214
-5195
-11312
0
