80106091
103201973
114583240
131237934
131734880
140218816
142623632
156205447
172176776
189621847
208441196
215138306
225561294
223499979
234700007
240864984
261007090
276533395
293087381
303910808
306431721
313048611
313543756
329564966
339767298
362324639
372990682
385236503
387986538
389850972
396489913
403055502
422664479
434057590
453554374
456738982
464373425
462489543
468105476
477281222
489871269
508764268
517357418
529872148
526509169
532219242
530532592
542412302
553547218
568701812
581719854
585056609
590143602
584389960
591811845
593705225
610717576
620405051
633379602
637363166
636223187
636750454
633717742
644763739
650314347
668038501
672160164
679692799
675233526
673247779
673285849
676172577
689427929
695653683
708698069
705136832
707221377
698297596
699724852
701833330
710156967
721354404
724328587
729194705
719398844
718956914
710633794
717629617
721218947
731213380
735569532
733096029
729931356
718362797
719082655
714672972
725728701
727492374
734377464
729368827
722506849
714690415
706420978
710116630
709491529
720041373
716197307
716964624
703889192
696397735
688287575
686180411
691352485
691392252
696252016
685180337
680194160
663546542
659554427
653775765
656928637
659442336
656293342
652496586
636121518
628598908
613622909
614962568
610913103
615283749
610786573
602496648
590832720
573846006
567568853
557440863
562295557
556767179
557602740
544230855
532129707
516506745
503866768
500592096
494916063
498649359
488156852
482746044
462457183
450401091
435433752
429615009
427799266
423276305
420992805
404355843
393469596
371186937
363155300
351481591
351131164
346790137
339594503
328894217
308415182
295571840
276601029
274105971
265049644
265854771
255056848
243433326
225735300
206214331
195276738
182535783
183471652
173850916
171105533
152593770
138088305
117772357
103945543
96596568
89321515
89018278
75560351
66863287
43151852
29663542
11508933
5372964
0
-5372964
-11508933
-29663542
-43151852
-66863287
-75560351
-89018278
-89321515
-96596568
-103945543
-117772357
-138088305
-152593770
-171105533
-173850916
-183471652
-182535783
-195276738
-206214331
-225735300
-243433326
-255056848
-265854771
-265049644
-274105971
-276601029
-295571840
-308415182
-328894217
-339594503
-346790137
-351131164
-351481591
-363155300
-371186937
-393469596
-404355843
-420992805
-423276305
-427799266
-429615009
-435433752
-450401091
-462457183
-482746044
-488156852
-498649359
-494916063
-500592096
-503866768
-516506745
-532129707
-544230855
-557602740
-556767179
-562295557
-557440863
-567568853
-573846006
-590832720
-602496648
-610786573
-615283749
-610913103
-614962568
-613622909
-628598908
-636121518
-652496586
-656293342
-659442336
-656928637
-653775765
-659554427
-663546542
-680194160
-685180337
-696252016
-691392252
-691352485
-686180411
-688287575
-696397735
-703889192
-716964624
-716197307
-720041373
-709491529
-710116630
-706420978
-714690415
-722506849
-729368827
-734377464
-727492374
-725728701
-714672972
-719082655
-718362797
-729931356
-733096029
-735569532
-731213380
-721218947
-717629617
-710633794
-718956914
-719398844
-729194705
-724328587
-721354404
-710156967
-701833330
-699724852
-698297596
-707221377
-705136832
-708698069
-695653683
-689427929
-676172577
-673285849
-673247779
-675233526
-679692799
-672160164
-668038501
-650314347
-644763739
-633717742
-636750454
-636223187
-637363166
-633379602
-620405051
-610717576
-593705225
-591811845
-584389960
-590143602
-585056609
-581719854
-568701812
-553547218
-542412302
-530532592
-532219242
-526509169
-529872148
-517357418
-508764268
-489871269
-477281222
-468105476
-462489543
-464373425
-456738982
-453554374
-434057590
-422664479
-403055502
-396489913
-389850972
-387986538
-385236503
-372990682
-362324639
-339767298
-329564966
-313543756
-313048611
-306431721
-303910808
-293087381
-276533395
-261007090
-240864984
-234700007
-223499979
-225561294
-215138306
-208441196
-189621847
-172176776
-156205447
-142623632
-140218816
-131734880
-131237934
-114583240
-103201973
-80106091
