0
3111
1428
4733
-2534
1249
-5418
969
-1222
3971
3571
2234
2419
-3413
841
-3870
4280
892
6454
2212
1854
-89
-2664
1857
-668
7094
2011
6786
-238
1455
-1352
74
3775
2785
8093
1680
5467
-2320
2170
-741
4020
5364
5086
6853
503
3802
-2674
4325
1240
7644
5487
5637
4116
-236
3075
-845
7179
3329
9524
3860
4935
1384
601
3771
2446
9331
4320
9138
1300
4194
61
3254
5307
5728
9568
3825
7132
-724
4519
667
6841
6444
7625
7615
2510
4892
-944
6170
2582
9818
6108
7636
4351
1660
3701
950
8355
4485
10850
4120
6365
1327
2340
3975
4108
9701
5192
9573
1371
5077
-103
4675
5069
7004
9101
4389
6779
-672
4858
453
7704
5733
8312
6431
2807
3933
-840
5906
2263
9890
4956
7645
2691
1732
2300
1030
7389
3948
10008
2654
5724
-537
2157
2223
3971
7967
4353
7853
-219
3865
-1976
4108
2983
6421
6640
3244
4365
-2219
3136
-1362
6560
3318
7122
3429
1417
1069
-2276
3675
445
8002
2272
5816
-568
157
-800
-372
4613
2021
7327
-154
3340
-3763
393
-993
2412
4640
2245
4494
-2959
1065
-4972
2059
-309
4505
2862
963
574
-4727
30
-4076
4076
-30
4727
-574
-963
-2862
-4505
309
-2059
4972
-1065
2959
-4494
-2245
-4640
-2412
993
-393
3763
-3340
154
-7327
-2021
-4613
372
800
-157
568
-5816
-2272
-8002
-445
-3675
2276
-1069
-1417
-3429
-7122
-3318
-6560
1362
-3136
2219
-4365
-3244
-6640
-6421
-2983
-4108
1976
-3865
219
-7853
-4353
-7967
-3971
-2223
-2157
537
-5724
-2654
-10008
-3948
-7389
-1030
-2300
-1732
-2691
-7645
-4956
-9890
-2263
-5906
840
-3933
-2807
-6431
-8312
-5733
-7704
-453
-4858
672
-6779
-4389
-9101
-7004
-5069
-4675
103
-5077
-1371
-9573
-5192
-9701
-4108
-3975
-2340
-1327
-6365
-4120
-10850
-4485
-8355
-950
-3701
-1660
-4351
-7636
-6108
-9818
-2582
-6170
944
-4892
-2510
-7615
-7625
-6444
-6841
-667
-4519
724
-7132
-3825
-9568
-5728
-5307
-3254
-61
-4194
-1300
-9138
-4320
-9331
-2446
-3771
-601
-1384
-4935
-3860
-9524
-3329
-7179
845
-3075
236
-4116
-5637
-5487
-7644
-1240
-4325
2674
-3802
-503
-6853
-5086
-5364
-4020
741
-2170
2320
-5467
-1680
-8093
-2785
-3775
-74
1352
-1455
238
-6786
-2011
-7094
668
-1857
2664
89
-1854
-2212
-6454
-892
-4280
3870
-841
3413
-2419
-2234
-3571
-3971
1222
-969
5418
-1249
2534
-4733
-1428
-3111
0
