548764
700648
784455
891198
901515
953813
974995
1064885
1174361
1294448
1419307
1470055
1535233
1528350
1598196
1646395
1778657
1887452
1998935
2071865
2092194
2132962
2142501
2245006
2321193
2468381
2546132
2626047
2646731
2660168
2703203
2752259
2880055
2964071
3089970
3118236
3165017
3156514
3192868
3255517
3343174
3467857
3531745
3610737
3594968
3627614
3622134
3698702
3776999
3879442
3966471
3992725
4022531
3989863
4033839
4053480
4163209
4233744
4318972
4347213
4340724
4341569
4325862
4395126
4439528
4553317
4587561
4633905
4607254
4592501
4592373
4614611
4700321
4748241
4830348
4812962
4820969
4765844
4771874
4788239
4844869
4918808
4942968
4970691
4910639
4901026
4851006
4892910
4921385
4986757
5016683
5001550
4976596
4903224
4901976
4878699
4947120
4964834
5006979
4975822
4928410
4874210
4821204
4841451
4843058
4907924
4888349
4887453
4803533
4749388
4695600
4681869
4714099
4718592
4745682
4676935
4636349
4529526
4497144
4461426
4480813
4497395
4478044
4448025
4342194
4284600
4189490
4191993
4169758
4195150
4166693
4110041
4028951
3917182
3869175
3806387
3832314
3800957
3800573
3713959
3628901
3523343
3438616
3412802
3378790
3397719
3332796
3289187
3157217
3070397
2971671
2930685
2917140
2888906
2868528
2761122
2680419
2535581
2474590
2400094
2393787
2365578
2316781
2241463
2106393
2013395
1890785
1866793
1811264
1810926
1741168
1659820
1539448
1408571
1330171
1248560
1248170
1189104
1163579
1043215
940139
804476
709717
657942
611507
604024
518369
452316
297632
199855
80929
35891
0
-35891
-80929
-199855
-297632
-452316
-518369
-604024
-611507
-657942
-709717
-804476
-940139
-1043215
-1163579
-1189104
-1248170
-1248560
-1330171
-1408571
-1539448
-1659820
-1741168
-1810926
-1811264
-1866793
-1890785
-2013395
-2106393
-2241463
-2316781
-2365578
-2393787
-2400094
-2474590
-2535581
-2680419
-2761122
-2868528
-2888906
-2917140
-2930685
-2971671
-3070397
-3157217
-3289187
-3332796
-3397719
-3378790
-3412802
-3438616
-3523343
-3628901
-3713959
-3800573
-3800957
-3832314
-3806387
-3869175
-3917182
-4028951
-4110041
-4166693
-4195150
-4169758
-4191993
-4189490
-4284600
-4342194
-4448025
-4478044
-4497395
-4480813
-4461426
-4497144
-4529526
-4636349
-4676935
-4745682
-4718592
-4714099
-4681869
-4695600
-4749388
-4803533
-4887453
-4888349
-4907924
-4843058
-4841451
-4821204
-4874210
-4928410
-4975822
-5006979
-4964834
-4947120
-4878699
-4901976
-4903224
-4976596
-5001550
-5016683
-4986757
-4921385
-4892910
-4851006
-4901026
-4910639
-4970691
-4942968
-4918808
-4844869
-4788239
-4771874
-4765844
-4820969
-4812962
-4830348
-4748241
-4700321
-4614611
-4592373
-4592501
-4607254
-4633905
-4587561
-4553317
-4439528
-4395126
-4325862
-4341569
-4340724
-4347213
-4318972
-4233744
-4163209
-4053480
-4033839
-3989863
-4022531
-3992725
-3966471
-3879442
-3776999
-3698702
-3622134
-3627614
-3594968
-3610737
-3531745
-3467857
-3343174
-3255517
-3192868
-3156514
-3165017
-3118236
-3089970
-2964071
-2880055
-2752259
-2703203
-2660168
-2646731
-2626047
-2546132
-2468381
-2321193
-2245006
-2142501
-2132962
-2092194
-2071865
-1998935
-1887452
-1778657
-1646395
-1598196
-1528350
-1535233
-1470055
-1419307
-1294448
-1174361
-1064885
-974995
-953813
-901515
-891198
-784455
-700648
-548764
